seeds: 79 14 55 13

                 **
[79-93] (14) 79 80 81 82 83 84 85 86 87 88 89 90 91 92
[55-68] (13) 55 56 57 58 59 60 61 62 63 64 65 66 67


seed-to-soil map:
52 50 48
50 98 2
                 **
[81-95] (14) 81 82 83 84 85 86 87 88 89 90 91 92 93 94
[57-70] (13) 57 58 59 60 61 62 63 64 65 66 67 68 69


soil-to-fertilizer map:
39 0 15
0 15 37
37 52 2
                 **
[81-95] (14) 81 82 83 84 85 86 87 88 89 90 91 92 93 94
[57-70] (13) 57 58 59 60 61 62 63 64 65 66 67 68 69


fertilizer-to-water map:
42 0 7
57 7 4
0 11 42
49 53 8
                 **
[81-95] (14) 81 82 83 84 85 86 87 88 89 90 91 92 93 94
[53-57] (4) 53 54 55 56
[61-70] (9) 61 62 63 64 65 66 67 68 69

water-to-light map:
88 18 7
18 25 70
                 **
[74-88] (14) 74 75 76 77 78 79 80 81 82 83 84 85 86 87
[46-50] (4) 46 47 48 49
[54-63] (9) 54 55 56 57 58 59 60 61 62


light-to-temperature map:
81 45 19
68 64 13
45 77 23

[78-81] (3) 78 79 80
        **
[45-56] (11) 45 46 47 48 49 50 51 52 53 54 55
[82-86] (4) 82 83 84 85
[90-99] (9) 90 91 92 93 94 95 96 97 98


temperature-to-humidity map:
0 69 1
1 0 69

humidity-to-location map:
60 56 37
56 93 4